442.65
169.98
442.65
170.73
442.65
170.73
442.65
254.07
215.55
264.17
169.98
148.37
226.15
412.03
226.15
409.42
412.03
346.77
409.42
379.17
361.84
175.60
215.55
228.31
412.03
233.45
254.07
226.15
215.55
379.17
278.94
278.94
278.94
215.55
253.16
253.16
361.84
170.73
412.03
308.46
175.60
233.45
253.16
346.77
160.63
175.60
442.65
233.45
346.77
264.17
379.17
390.85
192.50
379.17
359.76
361.84
409.42
278.94
160.63
412.03
160.63
226.15
235.53
192.50
412.03
346.77
264.17
412.03
442.65
409.42
235.53
369.18
148.37
442.65
226.15
390.85
148.37
327.51
278.94
228.31
253.16
226.15
226.15
169.98
369.32
442.65
215.55
264.17
192.50
235.53
233.45
235.53
390.85
192.50
308.46
369.32
361.84
270.26
346.77
308.46
839.19
1548.03
803.95
1695.35
1220.35
629.62
1455.68
1423.68
803.95
1465.72
646.23
1518.02
1529.15
1578.91
1529.15
1486.39
858.67
646.23
1367.21
646.23
1695.35
1578.91
881.23
945.86
864.32
1578.91
795.01
687.59
613.66
858.80
1465.72
1036.96
945.86
933.77
1367.21
788.60
1262.25
1423.68
1465.72
911.02
687.59
981.10
1157.18
816.14
945.86
1423.68
1609.91
1530.07
917.36
1465.72
933.77
1530.07
1036.96
1530.07
1384.13
850.80
1220.35
1299.90
828.58
629.62
1388.96
586.60
1157.18
981.10
1504.06
1220.35
758.63
795.86
1695.35
501.33
788.60
977.32
803.95
1250.87
1413.93
1220.35
1578.91
803.95
625.44
850.90
1578.91
1281.53
850.80
1695.35
945.86
1228.29
864.32
917.36
864.32
1530.07
1548.03
1388.96
918.85
586.32
550.86
1157.18
977.32
724.60
760.21
839.75
1928.33
1578.08
1591.04
996.53
1548.41
2020.00
1083.12
981.46
1224.83
1765.96
1574.11
1429.35
1652.42
1016.67
1726.74
1732.17
1614.30
1125.94
1917.50
1724.00
1017.13
1208.04
1957.80
1727.35
1583.04
1378.09
1342.50
1892.92
1014.67
1666.36
679.93
1593.20
1117.37
1612.39
1057.67
1801.85
1110.06
1592.19
1516.90
1603.15
1056.39
1539.67
820.64
1592.19
1701.58
1730.89
1916.30
1814.91
1585.15
1765.96
1222.64
1273.07
1917.32
1578.99
1916.26
1019.74
1511.28
948.77
1263.53
1056.39
1523.71
1739.69
1802.57
1255.86
1612.49
1750.91
1765.96
1307.74
1311.15
1940.42
1681.11
1789.35
1533.97
1213.09
1014.56
845.87
1821.01
1363.52
1711.05
961.33
1928.33
1055.93
1579.58
1940.42
1578.28
1917.32
1801.85
1057.20
1649.51
1216.25
1917.32
1970.34
2002.88
1938.42
1081.82
1485.97
882.81
1844.17
1615.77
1649.51
1339.44
984.42
1342.07
814.08
1395.57
858.80
954.00
1499.11
1235.32
1491.38
1033.01
1194.33
1047.61
1181.64
1164.20
911.77
945.86
620.51
1057.44
1022.06
1638.81
933.77
750.82
1297.75
1597.95
1181.64
1392.89
1616.30
1118.17
820.20
644.74
666.93
646.35
1931.47
1235.32
793.38
735.10
659.15
977.32
1095.33
725.55
883.26
1235.32
1339.44
911.77
1081.36
1353.98
635.62
1022.06
945.86
1737.54
857.33
646.35
945.86
652.60
749.41
1213.49
1234.71
652.60
738.43
746.64
1057.44
1833.70
1235.32
644.74
1695.35
1392.89
1033.01
756.84
1181.64
973.96
985.68
1234.71
1201.42
1234.71
978.83
1439.89
652.60
750.82
1227.12
763.58
1014.56
1342.07
577.07
1134.81
693.22
1931.47
555.18
1008.13
1423.68
653.92
977.32
641.25
1439.89
1839.79
1020.39
1353.98
758.86
1142.69
1774.08
1014.67
620.51
898.65
1223.91
1008.13
471.52
1094.51
952.30
551.17
1117.82
653.92
1081.36
814.67
999.38
755.95
637.70
1091.38
548.47
1363.52
548.47
945.86
495.66
860.29
900.94
733.44
839.26
1223.91
841.30
490.99
1342.50
520.75
749.41
1007.17
820.20
589.33
1344.58
878.81
751.12
830.44
1008.13
1040.77
889.32
600.08
679.90
592.21
1097.44
644.74
850.80
1191.24
738.43
326.52
329.11
341.00
679.90
1194.33
679.05
751.12
746.70
408.66
622.69
758.86
753.29
985.68
985.68
1082.76
417.81
758.86
1057.44
1194.33
304.19
742.88
769.12
1081.36
985.68
693.38
741.93
1057.44
1082.76
754.30
408.66
600.08
693.38
326.10
341.56
753.29
653.92
1077.56
693.22
756.84
1077.56
622.69
636.27
417.81
746.66
417.81
341.56
1057.44
769.12
741.93
746.70
1057.44
693.38
646.35
326.10
1057.44
293.52
741.93
652.60
1057.44
626.92
1057.44
756.84
652.60
408.66
341.56
693.38
760.93
1082.76
1057.44
417.81
1082.76
742.30
1082.76
408.66
648.41
388.03
646.35
679.90
754.30
408.66
679.05
751.12
679.90
646.35
329.11
679.90
1077.56
341.56
1081.36
639.27
679.90
985.68
769.12
317.75
408.66
408.66
1081.36
1082.76
417.81
742.30
1506.81
1324.06
1345.63
1389.50
1250.87
550.86
700.96
680.40
995.71
1487.38
755.95
1410.07
825.41
690.14
1487.38
796.98
613.66
629.62
1051.00
1389.50
630.09
624.32
947.92
1398.27
1367.61
796.98
1482.32
700.96
1387.34
638.82
657.76
947.92
629.62
637.70
817.00
1508.30
1389.50
1082.06
1228.29
1066.32
1492.78
850.97
1082.06
1492.27
807.26
1506.81
1413.93
1389.50
847.93
1354.62
1490.09
697.05
1560.59
1410.07
602.24
1487.38
947.92
624.32
847.93
1520.41
742.17
1007.17
1222.12
1550.44
1477.28
713.23
847.93
1410.07
1382.23
649.94
1569.29
524.82
1384.13
551.46
899.50
1413.93
1398.27
670.84
1398.27
850.90
864.32
703.65
711.75
1518.36
825.41
660.10
1499.38
1410.07
809.62
1506.20
569.02
980.58
703.65
1057.76
1092.29
1228.29
649.94
1388.80
1469.15
652.12
1711.05
1950.63
2002.88
1916.30
1840.25
1928.33
2002.88
1956.85
1957.43
1940.45
1923.48
1956.85
1777.39
1956.85
1928.33
1928.33
1775.99
2002.88
1892.92
1892.92
1892.92
1777.39
1931.47
1940.45
1916.30
1866.15
1950.63
1961.46
1784.19
1970.10
1928.33
2002.88
1956.85
1956.85
1950.63
1928.33
1840.25
1928.33
1862.68
1784.19
1756.10
2002.88
1940.45
1756.10
1777.39
1928.33
1872.34
1775.99
2138.26
2000.25
1840.25
1892.92
1866.74
1940.45
1928.33
1789.42
1940.45
1917.50
1866.74
1812.52
1866.15
1852.22
1829.99
1892.92
1940.45
1892.92
1956.85
1840.25
1970.29
1840.25
2138.26
1950.63
1940.45
1956.85
1801.85
2000.25
1872.34
1950.63
1928.33
1833.70
1928.33
1737.54
1853.87
1801.85
1917.50
1711.05
1892.92
1839.79
1833.70
1970.10
1840.25
1950.63
2002.88
1777.39
2002.88
1775.99
1923.48
1931.47
1833.70
1892.92
1381.19
1181.44
953.43
1885.26
1446.81
784.63
1307.74
1307.74
604.09
1170.26
2161.23
1500.36
1617.34
1743.04
1520.21
2030.32
1687.21
1815.27
1711.11
1365.41
1389.27
2036.24
1739.69
1820.77
1570.91
1397.92
1625.70
831.41
1909.54
1610.45
1699.98
1549.63
1591.04
1065.99
1362.90
1938.42
702.26
1826.06
1681.40
450.44
1928.33
1916.30
1093.62
661.50
1339.47
1687.21
1925.77
742.88
1604.90
1458.76
1511.82
1367.63
1170.26
2020.00
1582.76
895.50
1363.52
1865.65
1209.67
1841.48
1319.91
1081.23
595.49
168.19
1392.89
1146.92
1183.46
1844.17
1381.19
854.23
1410.83
1352.58
1235.32
520.75
1486.74
1592.06
1603.67
1674.97
727.28
1642.43
1246.80
987.74
1456.78
1839.79
606.44
1598.19
1499.38
1683.76
985.68
1711.11
2162.57
1036.47
1151.06
1342.07
1499.11
1709.00
1767.69
1307.28
1066.25
981.10
1506.57
1829.99
1586.61
1805.08
1924.07
1789.42
1852.22
1840.25
1352.58
1701.17
1343.04
1125.54
1163.10
1437.98
1418.27
1344.58
1344.49
1421.21
1429.35
1597.70
983.35
1360.66
1833.70
1227.12
1193.32
1921.40
1164.51
1552.51
1549.30
1871.90
547.50
1529.15
1370.56
1087.18
685.32
1445.64
1063.02
1175.02
1695.68
1307.28
954.00
1363.71
784.63
1871.90
1068.87
1865.21
2020.00
945.86
791.11
1771.53
1635.13
1476.11
1610.83
1921.40
1491.38
788.60
1623.65
727.28
1211.56
1891.09
1928.51
793.31
606.44
1377.50
1599.92
1190.02
837.30
1609.91
1711.05
1935.62
1937.99
1855.78
942.98
1613.49
1188.80
1375.36
1642.91
1967.84
1652.24
1726.74
845.87
1791.71
1905.57
1587.95
1586.25
1413.64
600.18
1054.40
750.82
1344.49
1986.95
1591.04
1234.71
1518.36
1183.23
1440.05
1775.99
1726.61
1340.19
1642.91
1499.11
1369.98
1948.49
1528.10
945.86
1614.55
1310.94
1503.61
1625.70
1986.95
1421.46
1407.14
1698.25
1461.81
1626.38
2002.75
1813.04
2082.44
1494.41
882.81
1250.87
1994.49
1940.45
1928.33
1336.86
1660.26
676.47
454.90
1421.46
1448.80
1105.71
965.36
1151.06
1892.92
1910.95
1592.06
1591.04
2030.32
1986.95
1786.56
1564.84
1542.53
1789.35
1423.68
1986.95
1559.13
1308.34
1840.25
1765.73
1842.77
595.69
660.02
1957.80
1582.16
1732.17
2068.19
1590.32
1852.77
1581.31
1899.37
1246.80
1787.99
808.17
1543.18
1606.16
1674.97
1280.36
1500.36
979.35
1916.26
1658.46
802.85
1549.63
1765.73
836.82
1236.10
1701.17
1862.68
1806.07
1465.72
1111.88
1007.17
1057.99
1461.81
1433.62
742.17
1784.19
1014.92
1097.44
1784.19
1486.74
850.90
1875.86
1211.19
1157.18
1569.29
590.99
1272.02
1088.63
1872.34
830.28
1281.24
1057.44
1865.80
1410.30
1489.16
1771.14
1669.84
876.38
1855.59
1720.84
1083.12
1201.69
1662.94
1578.99
1173.82
1704.31
1719.43
1673.37
1564.89
1445.64
1744.03
641.25
1451.88
1355.28
1592.06
1204.62
1564.84
1808.41
985.68
1487.63
1246.31
1711.05
1652.71
1227.12
621.64
1105.33
1876.76
1644.32
693.22
1814.80
1465.72
1233.75
1917.50
1482.93
1458.76
630.99
1055.41
1787.99
1559.84
1011.30
985.68
1846.52
1235.06
1337.12
1779.46
1620.99
1492.78
850.97
1888.93
1591.04
1744.03
1852.22
1281.68
1541.18
1583.18
1730.89
808.17
1693.20
1342.50
1524.12
1487.12
1791.91
985.68
1624.04
1213.49
1842.77
1970.34
1583.18
1602.64
1472.44
1862.68
1659.86
898.65
1116.83
1259.94
1220.35
1469.53
1739.69
1921.40
1439.56
1070.99
1242.82
981.10
1603.15
1134.81
1917.50
1715.13
1779.46
1193.32
1605.04
1711.05
288.54
1994.49
1352.58
1839.79
1623.29
1872.34
1860.66
917.36
637.70
1190.02
680.47
1742.39
1774.88
1905.57
482.15
1418.27
1710.99
1593.20
1588.51
1457.01
1151.06
1789.42
1081.82
1593.20
1487.45
1499.11
1948.49
1626.38
768.72
1586.61
646.23
1585.15
1596.54
1814.73
803.95
1437.98
1116.55
944.40
1656.56
921.26
1636.38
1732.17
1630.80
1925.77
1826.06
1494.61
1170.26
1242.33
1725.43
1132.49
1564.84
1399.43
710.69
1168.08
1330.36
1014.92
1814.80
1379.55
2003.80
401.52
1612.31
1483.69
1855.10
1656.56
391.74
802.85
1765.73
646.35
965.36
1537.76
1437.98
1750.91
1385.24
1814.91
1342.54
1774.08
856.92
1463.61
1490.24
1188.91
1499.11
1579.58
1496.91
465.03
1163.10
839.39
1448.32
1512.07
1141.53
1221.18
659.05
1110.94
1117.82
1578.73
2003.80
1893.75
1956.85
1342.07
1938.42
1789.42
980.58
1243.69
762.21
1077.56
1503.61
1223.91
1829.99
1596.54
1503.61
876.33
1536.69
1236.10
1658.46
1733.92
1913.27
1198.34
1737.54
803.95
1583.18
1259.94
1130.46
1502.20
1388.39
1634.24
1905.91
959.30
1173.38
1523.71
703.65
1597.31
1339.47
894.57
1917.32
1446.81
2003.64
1194.87
525.46
1069.27
1501.39
1844.17
1774.88
1765.73
1383.21
1344.60
1624.04
1625.97
1388.39
1450.88
1909.54
1352.58
1590.67
1388.39
1689.46
1848.43
1791.91
1596.54
1322.05
1101.88
1080.45
1473.34
1588.71
946.42
1888.93
1582.76
809.86
1569.95
1917.50
1482.49
1119.80
1014.56
1496.60
1273.07
841.33
1370.56
1036.47
1398.27
1252.22
1315.55
1601.93
950.01
1091.38
1170.26
1063.02
1481.38
1726.61
828.58
1725.43
1127.69
541.80
1441.82
1063.02
1459.76
1047.61
1630.80
1227.07
1502.20
1378.46
1710.41
1118.24
1576.31
1187.03
1601.93
1865.80
2003.80
1605.04
1212.49
639.27
1729.88
1638.81
1482.93
1439.89
1606.89
1970.34
1494.41
1462.10
1509.19
1157.34
1940.42
1885.26
1842.09
1134.81
1496.91
1367.38
1632.68
1471.83
985.68
1842.77
1451.70
1743.04
1419.02
855.40
1703.41
1872.34
1419.02
1872.72
1537.15
1616.10
796.60
1461.81
2108.91
1506.50
1588.19
1865.21
1725.43
1439.56
1851.97
1439.56
1500.36
1539.67
1530.43
1496.91
1999.45
941.57
745.37
1583.04
1489.32
1258.57
471.56
1410.30
837.30
918.85
1835.44
1063.02
1503.61
1759.32
1773.45
1397.92
1821.01
1375.65
1055.72
1533.97
1771.14
1534.33
1676.23
1600.15
1386.91
1009.17
1482.55
1463.61
1213.49
1465.92
1709.12
1581.03
1174.39
1685.11
1503.99
1576.31
1786.56
1156.39
1928.51
1437.98
1844.17
943.22
1970.34
1638.81
1960.46
1189.81
1064.30
1909.54
1786.83
1509.69
1116.82
1222.51
1801.85
1538.93
1606.89
1383.21
441.36
1622.00
1007.17
1188.80
1284.52
2036.24
1325.94
1375.74
1687.07
954.16
669.97
1264.23
1518.36
1410.30
1558.21
1014.67
1033.01
1481.23
1362.90
1494.41
1452.83
1844.17
1737.54
1214.03
857.33
1439.56
1755.38
1632.84
1448.32
1543.05
718.16
1390.99
986.52
641.25
1352.58
1457.21
1607.80
1789.42
1307.74
1706.27
953.74
1618.32
1851.97
1161.63
1876.76
1227.07
1724.00
758.63
630.09
1463.61
1016.67
1791.30
1368.47
1791.91
1661.66
1455.68
1607.12
1199.32
889.32
1791.30
1757.59
581.58
1196.04
844.08
1181.64
879.34
1421.21
1492.62
1534.33
1931.47
589.33
864.32
514.33
1285.74
1035.34
1574.75
994.64
2113.10
1613.69
322.74
1543.05
1146.92
657.76
1222.64
1459.84
882.81
1905.91
1808.64
1591.04
841.30
463.66
1534.79
955.93
1603.67
1560.59
1184.54
1641.37
422.33
618.10
1699.31
1620.99
845.94
1020.02
1194.33
1465.92
1416.49
1385.24
1765.73
557.99
1264.57
858.58
1569.95
1706.27
1786.56
1662.89
1503.61
1916.26
1406.87
1909.54
1243.69
1619.32
855.54
1491.38
1281.68
758.10
1610.88
1652.24
1564.89
1725.43
1375.91
1658.57
1473.86
1196.02
1350.32
1392.89
917.20
1759.32
1601.93
1420.68
1344.60
1967.84
1855.10
1772.08
441.36
1242.33
1270.63
1967.84
1526.37
1131.90
1543.05
1063.02
1916.26
1693.20
1999.45
1606.16
1462.62
895.50
1967.84
1815.27
531.19
1297.75
899.50
1370.56
1583.18
1489.32
1414.17
1620.99
1441.37
2003.64
1440.74
1240.94
1437.98
1632.84
751.12
1473.27
1503.61
1132.49
626.92
887.94
1382.23
1082.76
1632.84
1016.67
1793.50
1704.31
727.28
1523.71
1461.81
1214.83
1220.35
1317.20
1774.88
1460.10
1909.48
1986.95
1888.93
1817.40
1336.86
955.93
1483.69
1475.25
1674.97
1759.32
611.25
1840.25
1940.42
1937.99
1631.24
1325.15
1375.74
1235.06
1313.44
1755.38
687.59
383.81
857.33
592.15
1327.80
987.12
904.42
646.02
940.06
1582.76
1222.51
704.12
1065.83
1931.47
894.57
1774.78
1851.97
1469.06
1669.84
450.44
1473.86
1352.52
751.12
1392.89
1410.65
1083.90
1928.51
1440.74
1533.74
707.27
2030.32
1315.55
2003.64
1192.43
1417.94
1223.91
1496.91
687.54
1473.34
472.08
1410.30
1731.17
1893.75
543.11
1695.68
608.69
950.01
882.81
1216.25
1693.20
1433.62
1541.18
1582.16
904.42
739.98
1020.39
1860.66
1814.73
1110.06
1970.10
1855.78
1635.64
981.10
1549.63
1475.63
713.23
1602.64
1183.46
1737.54
1325.12
1342.50
1654.42
1391.26
1319.91
1649.51
1703.41
1626.46
1446.81
1296.60
1585.66
1844.17
1141.53
1687.21
1013.53
936.23
1693.67
1506.50
1909.54
871.02
1186.37
1035.34
1050.50
1842.77
1190.02
1967.84
558.55
1299.80
1362.90
1375.91
1603.67
1784.19
1771.28
1549.88
1174.39
1252.22
1696.96
1931.47
366.74
1940.45
798.90
1111.88
1752.08
994.64
1457.01
595.31
1852.22
1503.61
1910.95
1902.86
1183.46
1624.04
1511.11
1902.86
1606.16
1470.33
931.18
883.41
1578.91
693.38
1739.69
1330.36
1370.56
2030.32
1619.32
1604.24
1614.30
1183.23
1805.08
1774.88
1948.49
602.62
984.86
847.93
1711.05
1829.99
1726.74
1511.82
1876.76
1647.98
1469.53
1623.65
1661.66
1503.61
1937.99
984.86
1367.21
710.69
1726.74
1692.75
1710.99
646.35
1199.01
876.38
1306.88
1146.92
1189.81
534.79
1439.89
1213.49
1650.45
1177.54
727.28
1060.25
1614.55
592.54
560.00
1622.98
1731.17
1254.64
1722.69
1665.18
1710.41
1650.45
1658.46
1635.13
1395.57
1779.46
1603.14
1199.01
750.82
1118.24
1040.88
1503.99
580.85
1494.41
1730.89
1733.92
1389.27
1574.35
961.33
1752.08
2036.24
1468.95
1090.38
1814.91
1268.17
1345.63
1520.41
1588.69
952.30
1181.64
1852.22
1610.45
1927.20
1458.76
1610.88
1793.50
1661.66
1910.95
1719.43
1465.76
1710.99
1363.71
1814.91
1448.32
1590.32
1330.28
1501.61
1537.76
1421.46
910.30
646.02
1709.00
1586.25
1296.60
1161.63
1110.06
1493.31
1203.00
639.27
726.77
1614.30
1710.41
1462.62
1482.49
1960.46
1814.80
1937.99
1212.62
1362.90
1043.15
1209.67
965.36
1814.88
608.69
1737.54
1093.14
1697.26
1905.91
1419.02
1612.39
1082.76
1500.36
1752.08
639.27
1368.47
1252.22
1448.80
1391.26
1548.03
735.28
1395.04
1360.66
256.08
816.14
1961.46
1543.18
1033.01
1167.89
1815.27
631.40
680.05
1931.47
1724.54
1759.32
1892.92
1852.77
1252.22
1591.04
1232.87
1793.50
1726.61
1564.84
1599.40
2013.17
614.07
1755.72
1413.93
1407.14
1500.36
788.62
1258.57
1506.50
1464.49
808.56
1406.87
1844.17
1357.39
945.38
1504.06
1416.49
1605.04
1928.33
1905.57
600.18
282.15
740.54
1631.24
1790.06
1789.42
1612.21
1529.15
1791.30
1742.45
1779.46
608.69
1771.28
1756.10
1573.46
1695.68
1913.27
1477.28
1865.47
1439.15
1400.00
1382.23
857.33
1605.04
1494.41
1774.88
1378.25
1344.49
293.52
1821.01
1406.87
1419.02
575.24
933.77
1813.04
1607.12
1754.19
984.86
1855.27
1499.11
733.44
1905.57
1170.26
888.43
727.28
1136.43
1866.15
1923.48
1386.29
615.19
1208.95
1153.85
1033.01
1693.20
1298.96
1352.52
1335.83
1482.93
1230.54
1935.62
755.95
1412.68
1865.47
1659.76
408.72
1852.77
1285.74
2003.80
1767.69
885.62
1179.39
638.88
1739.69
1649.51
720.82
1093.62
1700.94
579.68
841.30
933.77
1583.04
1500.36
2162.57
758.86
1192.45
1179.70
1474.54
1888.93
608.69
1821.01
1235.32
1470.04
827.77
1514.26
1503.61
1907.23
1790.06
658.65
1576.31
1243.56
1851.97
1367.38
1650.45
1709.00
828.75
1177.54
1048.49
946.70
1518.36
1440.15
1617.34
1457.81
1487.12
1520.41
1207.43
1375.74
1499.26
1935.62
1004.93
1820.77
1599.92
1649.51
1459.76
1164.51
1461.81
1910.09
1682.34
883.41
1585.66
1479.51
1931.47
1652.25
1574.35
1723.25
1410.30
1439.56
1622.98
1765.73
1165.75
1560.59
835.33
1727.35
1858.93
482.15
1632.68
1903.37
1777.49
1482.69
1473.34
782.71
1136.63
1801.85
1174.62
1784.19
1392.89
687.59
1490.24
1614.30
1402.01
1743.04
1239.97
378.86
777.65
1774.88
2002.75
1737.54
1685.11
1865.21
1340.19
1491.38
1853.87
1588.69
1411.28
1487.63
1441.82
1652.24
1117.37
1579.58
1486.29
1211.19
1057.44
659.15
1839.79
1258.76
1503.61
693.22
1181.64
1443.24
1597.70
1055.72
1335.83
1727.35
839.26
1925.77
857.33
793.38
1701.58
1035.34
1669.84
1910.95
1023.01
1875.86
1615.62
1916.26
720.82
382.79
962.79
1528.10
1767.62
612.05
1727.35
1787.99
1414.17
1646.41
850.90
626.14
1710.99
850.92
179.57
1296.32
1872.34
1462.62
1626.46
1910.95
1759.32
1999.45
1659.76
1448.32
1253.17
1709.00
1033.01
1492.07
1463.61
1808.64
1170.26
1622.41
1194.33
1448.80
1574.11
1353.98
1440.15
1129.07
1791.71
1036.96
1741.05
1960.46
756.84
1846.52
168.19
1844.17
1271.74
1750.91
1730.76
1051.42
1806.07
1899.37
1623.65
1622.98
652.60
1500.36
1591.04
1623.65
1478.84
1777.49
1166.86
1765.96
1487.12
1315.89
282.15
1855.59
463.66
330.52
1243.74
898.65
1765.73
1774.08
1479.22
1844.17
1594.98
1475.99
1545.53
1110.82
799.03
1703.41
1255.93
1516.90
1455.68
1362.90
1620.99
1641.37
1391.26
660.10
1461.81
1220.35
1806.07
1033.01
646.02
1063.02
1127.02
1277.13
1063.02
1615.77
1469.06
1617.34
808.56
1871.90
808.76
1938.42
1907.23
1475.63
1260.17
1511.28
877.48
1615.62
1288.17
711.78
1646.41
943.22
883.41
554.43
983.69
508.85
1852.22
1948.49
1508.59
1229.56
1213.09
600.08
1711.05
1715.13
1216.25
449.24
1602.64
1576.31
569.02
1350.32
714.55
984.42
1157.18
1999.45
973.96
469.40
1307.28
1932.22
1495.39
1846.52
1948.49
1131.44
1609.91
1903.37
1235.62
945.38
1055.93
1669.84
1363.52
1575.18
1014.56
1465.76
1917.32
1603.02
1118.17
1928.51
2002.88
1319.91
1649.51
1270.63
965.37
1871.90
1207.43
1213.49
1543.05
1726.61
1473.86
506.32
1533.74
808.56
1130.89
238.73
1695.35
1928.51
1591.04
1211.19
1191.24
1710.41
1852.22
1605.04
1366.36
1459.76
589.33
1842.77
1891.09
1011.30
1784.19
1315.55
1750.91
1596.54
1611.31
703.65
944.94
1511.82
1848.43
1541.18
1157.18
1499.02
1439.89
1183.23
1791.91
1614.30
1789.42
1614.30
966.16
1597.31
1353.98
1654.03
994.64
1572.01
960.43
920.57
1464.49
1622.98
1500.36
1513.22
1833.70
1242.33
758.10
751.12
1726.61
1695.68
1839.79
1375.74
1208.95
1261.58
740.21
1999.45
1093.14
1940.42
985.68
1602.64
608.69
1506.57
1114.35
1038.34
422.33
1693.20
1692.56
604.09
1068.87
1957.80
1852.22
1097.01
1865.47
1513.22
1579.00
1605.04
1457.01
2082.44
882.81
718.16
2036.24
1576.31
1578.28
1707.26
2142.38
1500.27
1487.45
1590.67
1385.24
1224.83
1212.62
1387.40
1635.13
1421.21
1967.84
1523.71
1585.66
1623.29
1659.76
1235.06
1791.71
1041.55
1385.24
1405.96
1635.13
1970.29
630.09
962.20
1397.41
2068.19
1726.61
1228.78
1928.33
1666.36
1695.99
1582.76
945.38
879.61
1739.69
391.74
1841.48
1910.95
1893.75
1710.41
1344.60
1494.41
1501.61
1791.30
295.57
1592.88
1204.62
1186.60
1910.95
1325.12
1020.39
1475.63
1641.37
1689.74
1471.78
1577.06
1238.04
1840.25
911.77
1358.10
1136.63
1020.39
718.16
652.12
1009.71
1707.26
608.79
1541.18
839.26
1494.41
1892.92
1916.26
1545.53
1865.47
1501.61
1385.24
1642.91
1897.18
1168.08
577.07
1211.19
1603.67
1586.25
1866.74
1852.22
679.05
514.33
1765.73
1136.43
1814.88
949.04
1848.43
1066.97
1588.69
1186.58
1190.22
1213.49
1285.74
1893.75
1122.39
1923.48
1501.39
1392.89
1502.20
1658.46
1855.78
1674.97
1578.47
1354.62
1986.95
1057.44
705.21
1565.00
1234.71
1581.31
841.17
1103.79
1207.91
1644.32
1601.86
1931.47
1219.40
1439.89
1585.66
569.02
1687.07
1558.84
1791.91
1893.75
679.90
599.36
1662.89
1893.75
1136.52
1865.47
855.16
1213.09
1375.36
735.10
2082.44
1433.62
1087.18
1871.90
2002.88
1520.21
1023.01
954.00
1479.22
1578.08
1791.91
1500.27
1759.32
1592.88
1168.64
1855.59
1614.33
1500.95
1787.99
304.19
1699.31
1363.52
1626.38
635.62
682.61
1862.68
1916.26
1239.20
952.86
1534.33
1910.95
1750.91
1307.74
1732.17
1622.00
1213.49
1771.14
1601.93
1482.55
1127.02
1320.91
944.23
1767.62
1942.95
1582.76
1907.23
2030.32
1791.91
1461.82
1631.24
661.82
676.47
1520.21
767.23
1457.01
1409.33
1923.48
804.05
1591.04
1656.20
1590.67
1757.51
1531.21
1829.99
615.19
1006.67
659.15
1412.68
777.65
1852.22
1777.39
2073.70
1650.45
1332.90
1050.50
450.52
751.12
1726.61
1463.61
1606.16
1076.93
1057.44
1418.27
1320.91
1564.89
965.36
985.68
1605.04
1574.35
1937.99
820.20
1231.63
555.43
1022.06
1591.04
1489.16
1786.56
1486.39
1607.12
1513.22
1829.99
1893.75
1133.83
1940.42
1479.22
1612.49
1082.76
1477.68
1762.30
376.24
1844.17
1855.59
1115.04
1501.61
996.53
1674.97
1181.44
1521.17
1543.05
1537.15
646.02
1692.56
1591.04
1634.24
1035.06
958.77
1872.72
727.20
1755.72
1928.33
838.65
1506.81
1935.62
1506.57
753.29
1793.50
1186.58
1270.60
1358.22
1814.91
1066.32
1342.34
1967.84
1569.95
1081.36
1636.61
1596.54
1277.13
762.21
1364.66
1165.75
735.28
1243.74
1446.81
388.03
1623.29
557.99
1511.11
1211.95
1731.17
1775.99
1905.57
1457.01
1564.84
382.79
931.59
1451.07
1865.47
1186.58
1601.93
1910.35
1606.86
1387.40
1521.95
1212.62
1578.08
561.26
2174.00
1389.79
1081.36
782.71
666.93
1844.17
1400.00
1417.94
1938.42
1848.41
1401.40
1586.25
1523.71
1014.92
1853.87
1609.91
1619.32
1591.04
1511.82
1876.76
1520.21
1725.43
942.98
813.25
1709.00
1780.67
1458.76
1014.92
1970.29
1439.15
1931.47
1588.69
1661.66
1479.22
1187.03
1578.91
1339.47
1865.80
1214.03
1762.30
1732.17
1610.45
2161.23
1339.08
1439.15
1616.30
1585.15
1458.76
917.36
1073.08
1609.91
1472.44
1814.91
1564.84
1307.28
885.62
1196.18
1080.71
1855.78
1541.18
1296.60
1865.47
1448.32
1709.12
1967.84
1821.01
1600.15
1641.22
1635.13
1186.60
559.01
1611.31
1938.42
1829.99
1817.40
2174.00
1674.97
1787.99
1315.89
1118.07
1313.44
1759.32
1599.92
1597.70
1188.00
1654.03
1360.66
926.72
1791.71
1406.87
1910.95
2013.17
1315.86
920.56
1542.53
1829.99
1765.96
1685.11
841.30
1902.86
1829.99
1846.52
1440.74
1597.70
1893.75
391.27
495.66
1448.32
758.86
1344.49
1184.28
1767.69
1116.83
1216.25
1229.56
1161.33
1696.37
1659.86
1284.52
1175.02
1722.98
1588.69
1509.69
961.33
1910.95
1481.23
1501.61
1339.47
1439.56
1731.17
1337.27
1056.39
441.36
739.06
1549.30
913.65
1428.46
1462.62
1606.02
2082.44
1865.47
1789.42
1587.59
1709.00
1413.64
1940.42
1407.14
1592.88
1865.47
1960.46
1238.04
1695.68
1564.84
1612.49
1842.77
926.38
1262.25
2036.24
1916.30
1238.04
962.79
1696.92
1967.84
1511.11
1614.33
1685.11
1910.95
999.38
1853.87
726.77
1235.62
1590.67
680.40
1530.61
1623.29
1860.26
1814.80
1620.99
1209.47
1033.01
1458.33
1897.65
1789.42
1481.23
1700.94
1235.06
944.40
1730.89
1090.38
1549.30
1247.05
1543.05
1865.47
1897.18
2020.00
1543.05
883.26
1903.37
1057.20
1622.00
1213.49
1669.84
1258.76
1023.01
1214.03
1609.91
1462.10
1582.16
864.32
1676.95
1695.68
1917.50
1967.84
1596.54
463.66
1421.21
1161.63
1410.30
2158.94
742.17
1614.33
1860.66
1168.08
1352.58
1791.71
1767.69
1582.76
1706.27
607.72
735.10
1270.63
1581.03
1577.06
1542.53
1606.16
1599.40
1362.90
1612.49
876.33
1635.13
1829.99
1909.48
1940.42
1814.91
1500.36
837.27
885.62
1580.11
1022.06
1526.62
1460.10
1586.61
909.98
1597.31
1913.27
953.57
1726.61
1057.44
954.16
1731.17
1252.22
1765.73
1865.65
1586.61
907.83
1472.01
943.63
1423.68
1593.20
1040.88
1644.13
1558.21
999.70
892.02
1319.91
972.81
1596.54
1320.91
1307.28
1610.45
1451.70
875.73
1214.03
1500.36
945.88
646.35
591.36
514.43
1369.98
1856.69
666.93
1600.15
1456.82
1559.13
1503.61
1610.83
1907.23
875.73
1459.76
2082.44
1555.88
1465.76
1325.15
1250.02
1687.21
1339.08
1235.32
1064.66
1606.86
1710.99
1479.22
1221.58
1657.95
646.23
1057.99
991.44
1659.76
1035.34
1395.57
824.21
979.71
1459.76
1109.13
980.58
433.25
1638.81
1002.72
877.17
1844.17
741.93
2020.00
1400.00
1626.46
1826.06
1440.74
898.36
1779.46
1833.70
1814.88
641.25
997.28
841.30
1462.62
595.31
1270.63
1574.35
1474.64
1814.80
1055.93
1035.34
1669.84
1511.11
1908.10
1940.45
1457.01
1673.37
1839.79
693.38
1605.80
976.99
1742.45
1002.33
327.25
917.73
1146.92
1741.05
1842.77
977.32
1518.49
1325.12
910.48
1419.02
1658.46
1407.14
1603.14
1868.35
797.28
1592.06
839.19
1767.69
1153.02
1207.77
841.30
2020.00
1380.85
1325.94
1899.37
1631.24
1252.22
1928.33
1583.04
1360.66
1967.84
1661.66
1153.02
1494.41
1392.89
1652.42
1234.02
1559.13
1173.38
1592.06
1839.79
1884.88
1813.04
2113.10
2030.32
850.90
1439.56
1931.47
1578.20
763.31
693.38
1177.32
1938.42
1359.56
1410.30
1777.49
735.10
1592.06
1582.16
1731.17
559.01
847.93
1701.17
1660.26
982.39
1155.56
1910.95
1726.61
1872.34
1597.31
1134.81
578.80
1909.48
1451.45
1273.07
2036.24
1492.78
1777.49
1109.13
1695.68
1731.17
1866.15
1829.99
920.42
1344.58
1349.81
1597.31
1814.80
1440.05
1731.37
1330.28
1707.26
803.95
730.37
1068.87
1448.32
1767.69
1202.52
1855.59
1288.17
1459.76
1472.34
1516.90
1487.38
1164.20
1909.54
1893.75
1088.63
863.77
1083.74
1499.11
1967.84
727.28
1814.88
1360.66
2082.44
1451.70
1884.88
693.22
1622.98
1351.16
1014.67
1472.34
1088.78
1008.13
1577.50
1196.04
1711.11
1569.95
1514.26
1722.98
1445.64
1544.37
1377.50
2142.38
1511.11
1521.17
1081.82
1133.36
1928.51
1606.86
1549.30
695.95
1403.28
1855.27
1609.91
1829.99
1899.37
894.57
1520.41
1779.46
1625.97
967.93
1923.48
714.26
1523.71
1597.70
1537.76
1222.64
833.25
1047.61
1722.98
1141.53
1578.99
1731.37
1495.39
1774.88
1400.00
1868.35
1605.80
1601.93
1517.84
446.70
1308.64
1064.30
1784.19
1777.39
479.66
1158.57
1342.07
1603.67
1909.48
1235.06
1865.47
1801.85
1117.82
1614.30
1913.27
1342.50
1599.40
1529.15
1095.33
1868.35
1458.76
1307.74
1472.34
1778.31
1237.86
693.22
1246.99
1928.33
837.27
1529.15
1618.88
1339.03
1464.49
935.48
735.10
1723.25
1658.57
1229.56
1183.46
1925.77
1503.00
1851.97
608.69
1512.07
697.05
1380.85
1429.35
898.52
917.86
1362.90
680.05
1820.77
1363.71
1261.07
1905.57
1325.15
1494.41
1574.35
1349.81
1151.06
1319.72
1448.32
1597.08
956.93
954.00
970.40
569.02
1960.46
1733.92
1165.75
1229.56
472.39
1170.66
1405.96
1367.21
1133.64
2013.17
1235.32
1375.74
1531.21
1814.80
1591.04
1451.07
1683.76
1477.28
1856.69
1589.37
1364.66
1600.63
1600.33
795.36
1725.43
1252.22
1040.77
1841.48
1921.40
1787.99
1216.33
1674.97
879.34
894.57
1888.93
1223.46
1683.76
514.33
1439.89
1819.09
857.33
1575.18
1725.43
1910.35
262.63
1319.72
1967.84
1910.09
753.29
1414.59
1581.31
1871.90
1720.84
1957.80
1487.70
1451.88
742.88
1429.35
1077.56
797.24
1330.28
229.97
1935.62
661.82
641.25
1616.10
1325.15
1999.45
1091.38
1880.88
1897.18
925.14
1876.76
1658.46
1937.99
795.36
608.79
1612.39
1695.68
1575.18
612.16
1727.35
2002.75
1168.08
1228.78
711.75
1732.17
1897.18
1642.91
1957.80
1614.33
1500.36
514.33
1177.32
1774.88
1967.84
1730.89
1852.22
927.95
1611.31
1424.06
1899.37
1325.15
1375.74
1646.41
1597.31
740.54
1905.57
1281.24
1471.83
1839.79
1350.32
1392.89
1473.86
1902.86
865.62
921.09
1951.93
1774.88
591.36
1613.12
1528.10
1503.61
1756.10
1791.71
1410.30
685.32
1765.96
1544.13
1590.67
741.93
1456.78
933.63
1492.78
1335.83
1541.18
1814.80
1659.86
885.62
1658.46
1599.40
1088.63
1385.24
1791.71
1727.35
1609.91
1724.00
1543.18
1910.09
1642.91
1844.17
1888.93
1234.02
1300.48
1577.06
1400.00
1710.41
1720.84
1903.37
1458.33
1462.62
1950.63
558.25
1250.02
669.97
1710.99
1597.31
1606.16
1419.02
626.14
1375.74
1344.49
1458.76
1250.02
1814.91
1927.20
1382.23
1940.45
650.78
1585.66
895.50
1590.32
1110.06
1324.06
1646.41
1514.26
1190.02
638.82
1457.01
1441.82
1469.53
1815.27
1699.31
1392.89
1774.88
1778.50
1521.95
1530.61
1336.86
1307.74
1530.07
2020.00
1086.49
758.86
1961.46
756.84
1790.21
1564.84
1481.38
1213.49
1765.73
1448.32
1848.43
1772.08
1008.13
1752.08
1181.64
711.78
1175.24
920.90
1842.77
1903.37
1494.41
1457.81
1622.41
326.52
1594.33
1220.35
1065.83
1710.21
1017.13
801.84
1726.61
1063.02
1335.37
1765.96
608.69
1543.05
669.97
787.11
1285.74
1817.40
1219.40
1626.46
1569.95
1095.33
1927.20
1676.95
1606.16
1604.24
1443.42
1392.89
739.06
1730.76
1844.17
798.90
803.95
979.71
1739.69
1791.91
1175.52
2036.24
1289.67
1186.58
1938.42
1355.92
1910.09
803.45
1374.79
1530.61
954.78
1866.15
1320.91
1234.71
1742.45
1295.77
966.75
1774.88
1986.95
1543.18
1469.06
1189.81
1323.39
1367.63
1587.59
1261.07
1910.09
1603.02
1213.49
1226.26
740.98
1805.08
1469.06
1390.16
1428.46
1855.78
2142.38
739.87
1784.19
1360.66
858.80
326.52
1407.14
1234.71
1356.58
1043.15
911.02
1607.12
1723.25
1486.39
1678.03
1536.69
1438.02
1110.94
1564.89
978.83
1183.23
1508.59
1173.82
1022.06
687.54
962.20
1849.52
1957.80
1710.41
1865.21
1188.00
1669.84
1486.29
1156.39
1359.56
1940.45
1258.76
1726.61
1692.75
2073.70
1526.37
1363.71
1520.41
1928.33
945.88
883.41
1405.96
1548.03
942.98
1082.06
1199.01
1243.74
1833.70
1459.76
1458.33
1791.30
1574.35
1646.41
317.75
373.05
1970.34
1615.77
1013.87
1940.42
752.73
966.96
746.64
1647.98
1201.13
1925.77
899.95
1610.45
1459.76
682.61
1897.18
1184.54
675.84
1399.43
1774.88
1659.76
1325.94
1916.26
1524.12
640.20
1814.91
1957.80
1448.32
1950.63
1227.12
2113.10
1235.32
1775.99
976.99
1403.28
913.76
1186.58
1599.40
1459.83
1368.47
1538.93
675.84
762.21
1520.21
1115.04
1892.92
1913.27
1578.99
760.93
1183.46
1142.69
910.09
1635.13
733.18
1421.46
1391.26
1459.76
1363.52
1726.74
1062.27
1057.88
1765.73
1299.80
1921.40
927.95
938.06
1860.26
962.20
1319.72
1615.77
1465.76
1194.33
238.73
1791.71
1319.72
1917.50
1362.90
1558.21
1247.05
1902.86
1731.17
1699.98
1601.93
1777.39
750.82
1872.72
1494.41
1486.39
1891.09
1772.08
1475.63
1284.52
1835.44
1779.46
1136.52
1759.32
1374.79
1022.06
927.95
1559.13
1910.09
1077.56
984.68
1662.94
795.86
1607.12
1238.78
1204.62
1573.46
1503.00
1542.53
1033.01
1678.03
1065.83
1211.19
1090.21
1476.11
1527.20
1564.84
1111.88
1367.61
850.97
1801.85
1165.75
1486.29
1219.40
2113.10
1833.70
1255.86
1855.59
1226.26
1765.73
1513.22
1239.97
1499.26
1586.61
1179.70
652.12
1604.24
1439.89
1116.83
1957.80
1399.15
1813.68
1086.79
1472.01
1047.61
1893.75
1511.11
1951.93
1588.69
1589.37
1559.13
730.37
1650.45
795.86
1419.02
1064.30
1273.07
1133.36
2002.88
1905.91
1558.21
1216.25
944.66
1676.95
1994.49
1814.88
679.90
1290.79
922.37
1509.57
1501.61
1599.40
1559.60
1421.46
219.14
1552.11
1755.38
1524.12
1662.94
1130.89
1905.57
1839.79
958.77
559.01
2142.38
1173.01
1682.34
1709.00
1448.32
1940.42
1133.83
1603.67
1767.69
563.82
1349.81
219.14
1730.89
917.73
1063.02
1888.93
1950.63
912.35
1488.50
1597.95
2036.24
1814.91
278.09
1613.69
1213.09
1855.78
1210.76
1928.33
1916.30
1899.37
1475.54
1775.99
1214.03
1443.24
680.05
1642.91
1544.13
758.86
1142.69
1725.43
1418.27
1729.88
330.52
1710.41
1709.00
962.20
945.86
828.58
1495.39
1173.01
1019.74
1211.19
1083.74
1560.59
1529.69
1020.07
1357.14
1564.84
1491.38
1549.63
1234.71
1793.50
1942.95
1142.69
1157.18
1063.89
1600.63
883.41
653.92
1236.10
910.41
1880.88
1330.36
927.95
1921.40
1157.18
1844.17
1340.17
1192.43
1340.17
782.71
1320.68
1311.19
1409.33
1848.43
879.63
1320.91
1441.82
1719.43
679.90
1151.06
1418.27
899.50
1888.93
1791.91
1109.13
1370.56
1384.13
1666.36
1642.91
1375.74
1158.57
812.27
1937.99
1200.31
1950.63
997.28
855.54
1925.77
1246.99
1511.11
1136.63
1578.28
1511.11
1236.10
1322.05
825.41
1319.91
1349.81
1339.03
1492.78
670.84
1433.62
1082.76
1381.19
1524.12
1676.95
1928.51
1635.64
1129.07
1910.09
996.53
1597.08
1068.87
1777.39
1116.55
1226.26
1578.08
1592.06
1724.00
740.98
1367.63
1921.40
1726.74
1730.89
1375.91
1910.95
1757.51
1957.43
1578.99
1509.85
1585.66
1905.57
1475.63
1230.03
1423.97
1482.93
1387.15
749.48
951.97
1842.77
1194.33
1596.54
1880.88
1849.52
1558.84
913.65
1548.03
1841.48
402.96
1469.15
1421.21
1594.41
1650.45
1036.27
1409.33
786.03
553.05
1351.16
1756.10
1951.93
1817.40
1808.64
1486.29
1506.57
1710.21
1852.22
913.65
1755.38
615.19
935.48
1016.67
1475.25
1003.01
1600.15
1090.38
1548.03
1597.70
1853.87
1381.19
1319.91
1687.21
1342.34
1588.69
1909.54
1726.61
1086.49
1282.13
1759.32
1159.50
1389.50
1006.67
942.98
1469.06
1786.83
918.85
841.22
1177.24
1701.17
1410.30
1363.71
879.34
1765.73
1594.98
1600.15
1666.36
1448.32
1260.17
738.65
1367.38
917.14
877.68
1707.26
1967.84
1261.07
1967.84
967.93
1214.83
1051.00
904.42
1173.38
1308.34
1534.33
1391.26
693.22
1503.99
1791.91
1388.80
1201.42
1692.56
1600.33
1852.77
1222.64
885.62
1237.86
1610.45
1387.34
1134.81
1603.02
1168.08
547.50
1688.35
1601.86
858.58
1260.17
1207.77
979.71
1632.68
1569.29
1166.86
1191.24
1695.68
1641.22
1710.99
1840.25
1387.40
1469.53
1499.26
1767.69
1649.51
1957.43
1852.22
1597.70
1726.74
1167.89
1407.14
1068.87
1136.63
1695.68
1458.33
1199.01
1724.00
693.92
1833.70
1189.81
1092.29
968.85
1910.09
1592.19
1501.61
1643.19
1405.96
1590.32
820.20
1389.82
991.44
1473.86
1759.32
1110.94
1508.30
1456.78
1062.27
1243.69
908.22
1511.11
1842.77
898.65
1212.49
695.95
1465.76
571.65
1057.20
881.23
1413.64
1612.49
1970.34
1996.36
1342.54
1928.33
804.05
981.10
1910.95
1552.51
1342.07
1389.79
1494.41
1235.32
1957.80
1410.83
864.32
1917.50
1967.84
1942.95
1641.22
1585.89
960.43
1593.20
1235.62
1460.10
1473.86
981.94
559.01
1902.86
1330.36
858.80
1465.72
1612.39
1260.17
1612.39
1909.54
973.96
674.97
1246.99
1774.08
734.33
659.60
575.24
1815.27
1666.36
1574.35
1940.42
1335.83
2020.00
1601.93
1440.15
1570.91
1951.93
1578.28
1227.07
1564.75
967.04
693.92
1494.41
1610.88
1583.04
1593.76
857.33
1921.40
1786.56
1724.00
1791.71
1591.04
1759.32
1388.39
2113.10
1814.80
1082.76
817.00
825.71
1773.45
1048.49
1579.58
1693.20
1510.27
1192.43
1395.04
1342.50
1491.38
819.47
1231.63
1840.25
753.29
1726.61
866.44
1641.37
1469.53
1136.43
753.29
1521.95
1487.45
1543.05
1511.82
1339.44
1583.04
1330.28
1451.07
1410.30
1835.44
1057.76
1849.52
1588.19
1586.61
586.60
558.25
1791.71
1042.22
859.72
1581.58
869.36
1622.00
1811.29
1737.54
1730.89
1724.00
1575.47
1814.80
1892.92
1205.13
1357.39
1501.61
1537.76
1081.36
945.86
1500.36
1234.71
1201.42
1623.65
1592.88
1260.17
1465.76
1703.73
616.49
589.33
1682.34
1518.02
1529.15
1731.17
1576.31
1235.62
999.38
1622.41
1375.74
964.50
1940.42
1457.01
1905.91
1528.10
1559.84
1118.24
1461.81
1643.19
1742.45
2162.57
1034.97
646.35
1339.08
1390.99
983.35
750.84
1775.99
1081.36
1848.41
1133.64
1759.32
1893.75
1757.51
970.40
1501.61
1615.77
1077.56
661.82
629.62
1235.62
1771.14
1591.04
710.69
1330.28
1531.21
1687.21
1573.46
1897.18
1925.77
1789.42
1461.81
1925.77
981.94
1057.99
472.08
1709.00
1501.39
1335.83
1500.36
1605.04
1937.99
1829.99
1779.46
1529.15
1410.30
1475.99
1588.69
1935.62
1910.09
1384.13
830.95
1756.10
1483.60
1196.02
1319.91
1448.32
1892.92
1093.62
1016.67
1188.44
441.36
1537.89
1578.47
1602.64
1508.30
1174.39
1083.12
1288.72
1082.06
570.13
1509.57
910.09
1586.25
987.12
1916.26
1063.02
1957.43
1865.47
1710.25
1592.06
1916.26
1386.29
1833.70
429.56
1159.50
2113.10
981.94
1190.17
1490.24
1614.30
433.25
1466.54
1479.22
1414.17
1841.48
1893.75
352.04
1503.00
480.86
1692.75
1381.19
1614.55
1438.02
1765.73
2020.00
537.00
193.53
1419.02
1173.38
1097.44
1151.06
881.23
1674.97
882.88
1852.22
1500.36
874.24
833.38
1214.77
1687.07
1598.19
652.12
1601.93
1585.66
1188.44
591.36
815.70
1544.37
1247.83
1041.55
1482.32
883.41
1606.16
541.76
1309.22
1665.18
1590.67
1970.10
1615.77
1339.44
881.72
1678.03
828.58
1625.70
1144.43
1625.95
1261.07
1234.71
1464.49
1533.74
1531.21
1357.39
1907.23
1791.71
1860.66
922.35
1789.42
1325.83
1440.05
1910.09
1662.94
1759.32
641.25
1368.47
1219.40
1970.34
1420.68
1905.57
1726.74
784.63
1662.89
1672.80
1888.93
1118.17
1015.50
831.41
1508.30
1986.95
1057.88
1780.67
1590.32
1315.55
702.55
1759.32
826.53
1510.27
585.64
1064.74
1119.80
1387.40
1707.26
1942.95
919.48
1674.97
925.92
663.27
1360.84
1223.91
693.92
1520.21
1727.46
1064.66
1537.76
1119.80
1194.33
1530.43
1495.39
1184.28
1363.52
1339.83
429.56
599.36
1599.92
1201.13
1177.32
1063.02
1295.77
1166.86
954.78
1795.39
784.63
933.63
1339.44
1583.18
1564.84
1131.99
1576.40
1600.33
1777.39
1439.89
1903.37
1440.05
1662.94
1791.91
1035.34
1757.59
1530.58
1891.09
1375.74
1297.75
1710.99
1213.49
1787.99
1876.76
1940.42
1852.22
1607.12
1203.00
1577.50
1759.32
1214.83
1410.65
1130.89
1624.04
2068.19
1910.35
2020.00
1350.32
723.76
1410.30
1661.66
1559.13
1742.39
628.06
1440.05
514.33
1392.89
1935.62
1529.69
1578.08
978.72
936.73
1652.24
1358.22
1281.24
1473.86
1362.90
1925.77
1641.22
661.40
1226.26
1731.17
1290.79
1281.24
1463.61
1599.40
1133.64
745.37
514.33
1875.86
898.65
1709.00
1865.47
1590.90
1556.75
1970.29
911.73
1356.58
1464.49
1387.15
1288.17
608.69
1771.14
1590.67
1438.02
507.56
1175.52
1597.95
1548.41
1035.34
1866.15
879.34
812.27
1439.89
1315.55
1801.85
1448.32
1093.14
1884.88
1970.10
1860.66
1419.02
1118.17
652.60
1737.54
1285.74
1699.98
429.39
1779.46
1778.50
1649.51
1512.95
1814.88
1014.67
736.96
1727.35
1722.98
1601.93
1452.83
1127.69
1445.64
1117.82
1009.71
1888.93
1175.19
1414.17
1433.62
1025.58
1194.22
1585.66
1865.80
1238.04
604.09
1534.79
1130.46
1632.68
1500.36
1282.73
1759.32
1534.79
1587.59
1913.27
1615.57
1005.51
1521.17
1986.95
1339.44
1558.84
1580.11
1227.12
1325.94
1429.35
1055.70
1585.66
784.63
1441.95
1092.29
1213.49
1503.99
658.65
1388.84
1986.95
907.34
2013.17
955.93
1139.78
948.37
1635.13
1791.71
1482.55
1518.89
1235.32
1103.79
746.66
1905.91
1119.80
1855.59
1693.67
1695.99
1125.54
1499.11
1407.14
1771.14
1081.36
1384.81
1725.43
735.28
1880.88
1872.34
1858.93
1833.70
1583.04
1019.74
1726.74
326.52
1389.82
1179.39
1352.58
823.99
1935.62
1440.05
1412.68
907.56
1970.34
1036.96
192.50
1047.61
996.15
1909.48
1986.95
1814.80
1624.04
1866.15
1306.88
1552.51
942.98
1190.02
1482.93
952.04
905.16
1660.26
1214.83
746.64
1424.78
1709.12
1393.90
1659.76
1916.26
1223.46
1910.09
1614.55
1501.39
1693.20
1448.32
1231.63
621.64
1110.94
577.07
1586.25
1622.98
1536.69
1460.10
1243.74
1356.58
1325.94
612.05
1612.31
1610.83
1533.97
1801.85
1620.99
1213.49
1970.10
847.81
1209.47
790.04
1778.50
1421.21
1092.29
1315.86
1815.27
1819.09
1625.70
1208.04
850.90
1937.99
920.42
1439.89
1516.90
1082.06
1492.27
1306.38
1399.15
1189.81
987.74
1925.77
1579.00
646.67
1789.42
1277.13
1559.84
614.07
1765.96
1281.68
550.86
1204.62
1457.01
317.75
1410.65
1203.00
1389.82
1654.42
1471.78
1122.39
1743.04
2161.23
630.88
1578.99
710.69
1596.98
1421.46
1173.01
1957.80
1596.54
1872.34
1443.24
1418.27
1893.75
1117.82
1752.08
1389.79
1458.33
1226.26
1726.74
450.52
1022.06
977.32
979.71
1780.96
756.84
965.36
1814.80
1492.27
1170.26
391.27
1352.58
1095.33
1063.02
1136.43
844.08
1601.93
1668.56
1868.35
1319.91
1678.03
918.24
1552.51
1905.57
1575.18
1487.12
2036.24
1214.77
1531.21
1388.39
1181.64
2068.19
1840.25
1516.16
1077.56
1756.10
904.33
1439.89
877.48
1858.93
1470.04
1264.23
1529.15
1465.76
1957.80
1606.16
219.14
1580.04
1709.12
1307.74
1161.14
1246.99
1530.61
1418.27
977.32
1893.75
1602.64
1565.00
1957.43
1948.49
1536.69
1320.91
1448.80
1606.02
1440.15
291.92
1606.16
1829.99
1362.90
1219.40
1742.45
708.58
609.30
589.33
1787.99
1194.33
